Date,Weekly_Sales,IsHoliday,Week,Year,Month,Temperature,Fuel_Price,MarkDown1,MarkDown2,MarkDown3,MarkDown4,MarkDown5,CPI,Unemployment
2010-02-05,195223.84,0,5,2010,2,25.92,2.784,,,,,,204.2471935,8.187
2010-02-12,170043.55,1,6,2010,2,22.12,2.773,,,,,,204.3857472,8.187
2010-02-19,164314.29,0,7,2010,2,25.43,2.745,,,,,,204.4321004,8.187
2010-02-26,147699.66,0,8,2010,2,32.32,2.754,,,,,,204.4630869,8.187
2010-03-05,169171.18,0,9,2010,3,31.75,2.777,,,,,,204.4940734,8.187
2010-03-12,161433.3,0,10,2010,3,43.82,2.818,,,,,,204.5250598,8.187
2010-03-19,148157.28,0,11,2010,3,47.32,2.844,,,,,,204.3782258,8.187
2010-03-26,131205.08,0,12,2010,3,50.49,2.854,,,,,,204.201755,8.187
2010-04-02,163022.59,0,13,2010,4,51.0,2.85,,,,,,204.0252842,7.856
2010-04-09,141224.11,0,14,2010,4,65.1,2.869,,,,,,203.8488134,7.856
2010-04-16,151552.68,0,15,2010,4,55.43,2.899,,,,,,203.7307486,7.856
2010-04-23,134464.46,0,16,2010,4,50.65,2.902,,,,,,203.6905586,7.856
2010-04-30,133082.96,0,17,2010,4,54.75,2.921,,,,,,203.6503685,7.856
2010-05-07,157813.06,0,18,2010,5,66.74,2.966,,,,,,203.6101784,7.856
2010-05-14,158668.74,0,19,2010,5,55.91,2.982,,,,,,203.6133915,7.856
2010-05-21,144958.73,0,20,2010,5,60.38,2.958,,,,,,203.8770235,7.856
2010-05-28,146741.66,0,21,2010,5,70.97,2.899,,,,,,204.1406556,7.856
2010-06-04,143484.92,0,22,2010,6,72.52,2.847,,,,,,204.4042877,7.856
2010-06-11,165496.23,0,23,2010,6,67.32,2.809,,,,,,204.6679198,7.856
2010-06-18,150662.63,0,24,2010,6,72.62,2.78,,,,,,204.670036,7.856
2010-06-25,130094.98,0,25,2010,6,75.17,2.808,,,,,,204.5675459,7.856
2010-07-02,151117.4,0,26,2010,7,70.1,2.815,,,,,,204.4650559,7.527
2010-07-09,156165.82,0,27,2010,7,78.09,2.793,,,,,,204.3625658,7.527
2010-07-16,156901.08,0,28,2010,7,75.14,2.783,,,,,,204.3571656,7.527
2010-07-23,138664.27,0,29,2010,7,77.75,2.771,,,,,,204.4812188,7.527
2010-07-30,134374.32,0,30,2010,7,76.03,2.781,,,,,,204.605272,7.527
2010-08-06,149036.16,0,31,2010,8,74.57,2.784,,,,,,204.7293252,7.527
2010-08-13,173063.58,0,32,2010,8,75.98,2.805,,,,,,204.8533784,7.527
2010-08-20,142258.13,0,33,2010,8,75.34,2.779,,,,,,204.8217044,7.527
2010-08-27,135985.68,0,34,2010,8,70.51,2.755,,,,,,204.7900305,7.527
2010-09-03,162287.35,0,35,2010,9,75.5,2.715,,,,,,204.7583566,7.527
2010-09-10,165313.47,1,36,2010,9,65.02,2.699,,,,,,204.7266827,7.527
2010-09-17,159646.68,0,37,2010,9,65.28,2.706,,,,,,204.7513279,7.527
2010-09-24,132659.73,0,38,2010,9,69.37,2.713,,,,,,204.8182126,7.527
2010-10-01,145153.72,0,39,2010,10,61.08,2.707,,,,,,204.8850973,7.484
2010-10-08,173432.09,0,40,2010,10,51.5,2.764,,,,,,204.951982,7.484
2010-10-15,164808.33,0,41,2010,10,59.17,2.868,,,,,,205.0137637,7.484
2010-10-22,149218.62,0,42,2010,10,50.52,2.917,,,,,,205.0627881,7.484
2010-10-29,140538.41,0,43,2010,10,57.56,2.921,,,,,,205.1118126,7.484
2010-11-05,178190.25,0,44,2010,11,42.78,2.917,,,,,,205.160837,7.484
2010-11-12,180840.3,0,45,2010,11,42.38,2.931,,,,,,205.2098614,7.484
2010-11-19,176338.48,0,46,2010,11,45.88,3.0,,,,,,205.0992811,7.484
2010-11-26,169141.08,1,47,2010,11,46.66,3.039,,,,,,204.9621,7.484
2010-12-03,155408.27,0,48,2010,12,35.47,3.046,,,,,,204.8249189,7.484
2010-12-10,197374.95,0,49,2010,12,24.27,3.109,,,,,,204.6877378,7.484
2010-12-17,190354.16,0,50,2010,12,24.07,3.14,,,,,,204.6321194,7.484
2010-12-24,199674.33,0,51,2010,12,25.17,3.141,,,,,,204.6376731,7.484
2010-12-31,114348.68,1,52,2010,12,28.85,3.179,,,,,,204.6432267,7.484
2011-01-07,165284.7,0,1,2011,1,31.43,3.193,,,,,,204.6487803,7.343
2011-01-14,190728.6,0,2,2011,1,20.39,3.205,,,,,,204.7026042,7.343
2011-01-21,158178.08,0,3,2011,1,27.43,3.229,,,,,,205.0460497,7.343
2011-01-28,140499.83,0,4,2011,1,23.21,3.237,,,,,,205.3894952,7.343
2011-02-04,189494.49,0,5,2011,2,28.58,3.231,,,,,,205.7329407,7.343
2011-02-11,175120.6,1,6,2011,2,25.38,3.239,,,,,,206.0763862,7.343
2011-02-18,164732.76,0,7,2011,2,42.95,3.245,,,,,,206.3694701,7.343
2011-02-25,149038.52,0,8,2011,2,33.2,3.274,,,,,,206.6424093,7.343
2011-03-04,163168.74,0,9,2011,3,37.33,3.433,,,,,,206.9153485,7.343
2011-03-11,176574.47,0,10,2011,3,39.53,3.582,,,,,,207.1882876,7.343
2011-03-18,161145.49,0,11,2011,3,44.8,3.631,,,,,,207.4283845,7.343
2011-03-25,139059.98,0,12,2011,3,44.83,3.625,,,,,,207.6553444,7.343
2011-04-01,149479.15,0,13,2011,4,32.43,3.638,,,,,,207.8823043,7.287
2011-04-08,173517.32,0,14,2011,4,47.09,3.72,,,,,,208.1092642,7.287
2011-04-15,168593.35,0,15,2011,4,55.0,3.821,,,,,,208.3172811,7.287
2011-04-22,174112.68,0,16,2011,4,52.56,3.892,,,,,,208.4779405,7.287
2011-04-29,122493.98,0,17,2011,4,62.97,3.962,,,,,,208.6386,7.287
2011-05-06,161605.8,0,18,2011,5,53.41,4.046,,,,,,208.7992595,7.287
2011-05-13,154747.55,0,19,2011,5,62.26,4.066,,,,,,208.9599189,7.287
2011-05-20,148187.6,0,20,2011,5,59.01,4.062,,,,,,208.7583165,7.287
2011-05-27,137466.26,0,21,2011,5,69.12,3.985,,,,,,208.556714,7.287
2011-06-03,142006.73,0,22,2011,6,73.51,3.922,,,,,,208.3551116,7.287
2011-06-10,174557.98,0,23,2011,6,73.64,3.881,,,,,,208.1535092,7.287
2011-06-17,160850.97,0,24,2011,6,66.41,3.842,,,,,,208.1265604,7.287
2011-06-24,136790.65,0,25,2011,6,72.4,3.804,,,,,,208.2306018,7.287
2011-07-01,150608.02,0,26,2011,7,69.66,3.748,,,,,,208.3346432,7.274
2011-07-08,166809.86,0,27,2011,7,74.69,3.711,,,,,,208.4386847,7.274
2011-07-15,169013.07,0,28,2011,7,74.88,3.76,,,,,,208.5309337,7.274
2011-07-22,144966.99,0,29,2011,7,78.89,3.811,,,,,,208.5937018,7.274
2011-07-29,139187.44,0,30,2011,7,77.47,3.829,,,,,,208.6564699,7.274
2011-08-05,172936.71,0,31,2011,8,77.8,3.842,,,,,,208.719238,7.274
2011-08-12,173616.04,0,32,2011,8,73.52,3.812,,,,,,208.7820061,7.274
2011-08-19,154544.41,0,33,2011,8,71.25,3.747,,,,,,208.8424359,7.274
2011-08-26,144088.38,0,34,2011,8,70.15,3.704,,,,,,208.902476,7.274
2011-09-02,164320.09,0,35,2011,9,70.82,3.703,,,,,,208.9625161,7.274
2011-09-09,177797.45,1,36,2011,9,68.74,3.738,,,,,,209.0225562,7.274
2011-09-16,174558.24,0,37,2011,9,64.02,3.742,,,,,,209.1893892,7.274
2011-09-23,153460.19,0,38,2011,9,62.15,3.711,,,,,,209.4986126,7.274
2011-09-30,150256.26,0,39,2011,9,63.44,3.645,,,,,,209.807836,7.274
2011-10-07,187148.37,0,40,2011,10,52.42,3.583,,,,,,210.1170595,7.082
2011-10-14,182995.14,0,41,2011,10,62.54,3.541,,,,,,210.4027602,7.082
2011-10-21,168519.99,0,42,2011,10,53.69,3.57,,,,,,210.5473252,7.082
2011-10-28,159043.55,0,43,2011,10,49.36,3.569,,,,,,210.6918901,7.082
2011-11-04,186064.73,0,44,2011,11,43.88,3.551,,,,,,210.8364551,7.082
2011-11-11,199274.47,0,45,2011,11,47.27,3.53,34348.14,11652.84,549.25,9606.11,5472.37,210.9810201,7.082
2011-11-18,196839.2,0,46,2011,11,49.3,3.53,4817.96,1673.96,658.55,1043.37,6545.16,211.1847207,7.082
2011-11-25,189038.14,1,47,2011,11,46.38,3.492,335.66,80.0,101378.79,64.46,2251.98,211.4120757,7.082
2011-12-02,156281.98,0,48,2011,12,46.32,3.452,10007.34,60.0,25959.98,6140.65,35675.62,211.6394306,7.082
2011-12-09,198053.83,0,49,2011,12,41.64,3.415,9458.19,81.5,791.04,5254.23,11447.14,211.8667856,7.082
2011-12-16,210877.54,0,50,2011,12,37.16,3.413,5488.56,217.03,1776.71,466.19,4535.27,212.0685039,7.082
2011-12-23,220321.48,0,51,2011,12,40.19,3.389,1483.17,80.15,2145.46,38.97,4180.29,212.2360401,7.082
2011-12-30,127479.49,1,52,2011,12,36.35,3.389,6918.65,97740.99,270.38,1648.03,2852.19,212.4035763,7.082
2012-01-06,179795.84,0,1,2012,1,33.42,3.422,9273.46,45971.43,207.6,1365.38,5460.86,212.5711125,6.961
2012-01-13,197649.89,0,2,2012,1,37.79,3.513,3627.81,18632.14,108.48,847.7,3614.04,212.7386486,6.961
2012-01-20,183870.7,0,3,2012,1,27.65,3.533,2465.98,5030.4,106.54,999.54,3380.92,212.8336399,6.961
2012-01-27,155429.53,0,4,2012,1,37.19,3.567,1023.6,3044.15,106.08,52.87,2447.73,212.9286312,6.961
2012-02-03,183393.93,0,5,2012,2,39.93,3.617,58928.52,8766.77,226.27,53603.99,8301.25,213.0236225,6.961
2012-02-10,205200.1,1,6,2012,2,33.47,3.64,9804.0,13171.55,132.42,16864.33,7535.63,213.1186138,6.961
2012-02-17,185462.81,0,7,2012,2,31.11,3.695,27400.95,19179.87,10.5,11087.4,10204.37,213.2732106,6.961
2012-02-24,167621.32,0,8,2012,2,39.79,3.739,11230.85,10561.94,12.2,1457.31,21024.39,213.4725116,6.961
2012-03-02,173383.1,0,9,2012,3,39.98,3.816,34117.01,3200.31,6.0,22275.03,4989.3,213.6718127,6.961
2012-03-09,194731.86,0,10,2012,3,41.14,3.848,10686.42,750.14,3.67,3867.16,3518.62,213.8711137,6.961
2012-03-16,176690.3,0,11,2012,3,53.73,3.862,6745.04,310.32,6.94,3282.4,2895.89,214.0167132,6.961
2012-03-23,146055.65,0,12,2012,3,66.11,3.9,3580.87,612.11,7.01,332.11,4032.81,214.0907105,6.961
2012-03-30,160571.5,0,13,2012,3,51.52,3.953,9569.49,116.47,7.75,1285.42,3908.61,214.1647079,6.961
2012-04-06,209579.58,0,14,2012,4,50.06,3.996,8408.31,12.57,50.79,4289.46,7382.25,214.2387053,7.139
2012-04-13,170127.5,0,15,2012,4,45.68,4.044,9671.84,7934.59,68.02,2515.97,2667.15,214.3127027,7.139
2012-04-20,153580.84,0,16,2012,4,60.11,4.027,7522.16,5650.88,67.26,1066.17,4006.0,214.3675045,7.139
2012-04-27,157177.53,0,17,2012,4,47.64,4.004,2332.34,2.82,41.39,28.04,3318.17,214.4223063,7.139
2012-05-04,169894.64,0,18,2012,5,62.74,3.951,24594.6,496.0,38.52,9381.13,4648.85,214.4771081,7.139
2012-05-11,184633.98,0,19,2012,5,63.19,3.889,17598.62,,19.51,2889.48,3242.44,214.5319099,7.139
2012-05-18,161464.1,0,20,2012,5,60.99,3.848,8077.14,512.0,5.13,2746.24,3677.78,214.5485571,7.139
2012-05-25,153894.9,0,21,2012,5,70.04,3.798,11548.3,,1042.6,1554.19,3450.52,214.5499425,7.139
2012-06-01,149742.17,0,22,2012,6,73.67,3.742,12240.61,17.4,82.98,3560.21,3373.36,214.5513278,7.139
2012-06-08,188978.51,0,23,2012,6,62.01,3.689,8353.32,516.6,46.76,2073.77,7774.31,214.5527132,7.139
2012-06-15,182448.55,0,24,2012,6,71.51,3.62,9584.57,657.4,3.99,3667.7,5230.22,214.5653243,7.139
2012-06-22,151023.66,0,25,2012,6,76.51,3.564,12173.74,875.7,2.36,4195.01,7516.62,214.606,7.139
2012-06-29,153806.02,0,26,2012,6,74.15,3.506,6569.4,605.7,,561.31,4567.03,214.6466757,7.139
2012-07-06,181325.94,0,27,2012,7,79.2,3.475,13826.89,342.6,182.74,7751.95,3675.32,214.6873514,7.28
2012-07-13,191882.2,0,28,2012,7,78.27,3.523,8679.19,99.7,22.34,4960.49,7877.54,214.728027,7.28
2012-07-20,161955.74,0,29,2012,7,76.04,3.567,3156.68,142.66,34.1,2751.92,6194.07,214.7331351,7.28
2012-07-27,149301.45,0,30,2012,7,74.6,3.647,11481.26,130.17,7.09,11794.45,3238.04,214.7382432,7.28
2012-08-03,169471.46,0,31,2012,8,74.73,3.654,31549.63,83.64,40.76,25656.34,3188.65,214.7433514,7.28
2012-08-10,194032.48,0,32,2012,8,75.4,3.722,16845.14,156.18,12.47,6921.28,6346.44,214.7484595,7.28
2012-08-17,178603.53,0,33,2012,8,69.57,3.807,3008.99,99.68,1.12,2535.66,2831.84,214.825578,7.28
2012-08-24,159088.13,0,34,2012,8,68.27,3.834,6125.02,53.4,84.62,9638.85,8710.31,214.9567044,7.28
2012-08-31,159049.57,0,35,2012,8,72.66,3.867,19058.96,32.04,125.49,9015.83,4449.08,215.0878309,7.28
2012-09-07,178042.73,1,36,2012,9,76.36,3.911,11783.56,-0.99,83.85,1938.4,3708.67,215.2189573,7.28
2012-09-14,186759.11,0,37,2012,9,64.84,3.948,10404.97,,40.11,1481.31,8655.59,215.3583757,7.28
2012-09-21,171529.39,0,38,2012,9,60.94,4.038,8475.15,168.56,49.78,1727.92,9072.77,215.5475459,7.28
2012-09-28,158539.12,0,39,2012,9,58.65,3.997,6245.6,52.64,21.5,3301.81,7195.56,215.7367162,7.28
2012-10-05,187027.05,0,40,2012,10,60.77,3.985,5800.66,,33.68,4286.15,3224.25,215.9258865,7.293
2012-10-12,191136.1,0,41,2012,10,47.2,4.0,2449.31,,35.08,1019.9,9743.56,216.1150568,7.293
2012-10-19,171537.94,0,42,2012,10,56.26,3.969,4174.31,,15.84,838.05,3838.56,216.1464699,7.293
2012-10-26,160785.98,0,43,2012,10,60.04,3.882,10813.19,22.33,102.91,867.39,1671.76,216.1515902,7.293
